>>>------------------------------------------
No. totalsnp	5
No. partial snp	1
No. partial haplotype	2
No. combination	5	
Partial haplotype
0	1	
Psi & Haplotype frequency
CombinationID	{SNPIDs}	psi	Haplotype frequency
1	{0 }	0.13235294117647056	0.6323529411764706	0.36764705882352944	
2	{1 }	0.13235294117647056	0.6323529411764706	0.36764705882352944	
3	{2 }	-0.17647058823529413	0.3235294117647059	0.6764705882352942	
4	{3 }	-0.2058823529411765	0.29411764705882354	0.7058823529411765	
5	{4 }	-0.05882352941176472	0.4411764705882353	0.5588235294117647	
------------------------------------------<<<
>>>------------------------------------------
No. totalsnp	5
No. partial snp	2
No. partial haplotype	4
No. combination	10	
Partial haplotype
00	01	10	11	
Psi & Haplotype frequency
CombinationID	{SNPIDs}	psi	Haplotype frequency
1	{0 1 }	-0.08823529411764702	0.29411764705882354	0.3382352941176471	0.3382352941176471	0.029411764705882353	
2	{0 2 }	0.06617647058823534	0.29411764705882354	0.3382352941176471	0.029411764705882353	0.3382352941176471	
3	{1 2 }	0.06617647058823534	0.29411764705882354	0.3382352941176471	0.029411764705882353	0.3382352941176471	
4	{0 3 }	0.08088235294117646	0.29411764705882354	0.3382352941176471	0.0	0.36764705882352944	
5	{1 3 }	0.08088235294117646	0.29411764705882354	0.3382352941176471	0.0	0.36764705882352944	
6	{2 3 }	0.23529411764705882	0.29411764705882354	0.029411764705882353	0.0	0.6764705882352942	
7	{0 4 }	0.125	0.4117647058823529	0.22058823529411764	0.029411764705882353	0.3382352941176471	
8	{1 4 }	0.007352941176470618	0.29411764705882354	0.3382352941176471	0.14705882352941177	0.22058823529411764	
9	{2 4 }	0.19117647058823534	0.3235294117647059	0.0	0.11764705882352941	0.5588235294117647	
10	{3 4 }	0.1764705882352941	0.29411764705882354	0.0	0.14705882352941177	0.5588235294117647	
------------------------------------------<<<
>>>------------------------------------------
No. totalsnp	5
No. partial snp	3
No. partial haplotype	8
No. combination	10	
Partial haplotype
000	001	010	011	100	101	110	111	
Psi & Haplotype frequency
CombinationID	{SNPIDs}	psi	Haplotype frequency
1	{0 1 2 }	0.125	0.29411764705882354	0.0	0.0	0.3382352941176471	0.0	0.3382352941176471	0.029411764705882353	0.0	
2	{0 1 3 }	0.11764705882352944	0.29411764705882354	0.0	0.0	0.3382352941176471	0.0	0.3382352941176471	0.0	0.029411764705882353	
3	{0 2 3 }	0.04044117647058826	0.29411764705882354	0.0	0.0	0.3382352941176471	0.0	0.029411764705882353	0.0	0.3382352941176471	
4	{1 2 3 }	0.04044117647058826	0.29411764705882354	0.0	0.0	0.3382352941176471	0.0	0.029411764705882353	0.0	0.3382352941176471	
5	{0 1 4 }	0.09558823529411764	0.29411764705882354	0.0	0.11764705882352941	0.22058823529411764	0.0	0.3382352941176471	0.029411764705882353	0.0	
6	{0 2 4 }	0.0036764705882353366	0.29411764705882354	0.0	0.11764705882352941	0.22058823529411764	0.029411764705882353	0.0	0.0	0.3382352941176471	
7	{1 2 4 }	0.062499999999999944	0.29411764705882354	0.0	0.0	0.3382352941176471	0.029411764705882353	0.0	0.11764705882352941	0.22058823529411764	
8	{0 3 4 }	0.011029411764705899	0.29411764705882354	0.0	0.11764705882352941	0.22058823529411764	0.0	0.0	0.029411764705882353	0.3382352941176471	
9	{1 3 4 }	0.06985294117647062	0.29411764705882354	0.0	0.0	0.3382352941176471	0.0	0.0	0.14705882352941177	0.22058823529411764	
10	{2 3 4 }	-0.022058823529411797	0.29411764705882354	0.0	0.029411764705882353	0.0	0.0	0.0	0.11764705882352941	0.5588235294117647	
------------------------------------------<<<
>>>------------------------------------------
No. totalsnp	5
No. partial snp	4
No. partial haplotype	16
No. combination	5	
Partial haplotype
0000	0001	0010	0011	0100	0101	0110	0111	1000	1001	1010	1011	1100	1101	1110	1111	
Psi & Haplotype frequency
CombinationID	{SNPIDs}	psi	Haplotype frequency
1	{0 1 2 3 }	-0.025735294117647023	0.29411764705882354	0.0	0.0	0.0	0.0	0.0	0.0	0.3382352941176471	0.0	0.0	0.0	0.3382352941176471	0.0	0.029411764705882353	0.0	0.0	
2	{0 1 2 4 }	-0.007352941176470618	0.29411764705882354	0.0	0.0	0.0	0.0	0.0	0.11764705882352941	0.22058823529411764	0.0	0.0	0.0	0.3382352941176471	0.029411764705882353	0.0	0.0	0.0	
3	{0 1 3 4 }	-0.011029411764705899	0.29411764705882354	0.0	0.0	0.0	0.0	0.0	0.11764705882352941	0.22058823529411764	0.0	0.0	0.0	0.3382352941176471	0.0	0.0	0.029411764705882353	0.0	
4	{0 2 3 4 }	0.034926470588235226	0.29411764705882354	0.0	0.0	0.0	0.0	0.0	0.11764705882352941	0.22058823529411764	0.0	0.0	0.029411764705882353	0.0	0.0	0.0	0.0	0.3382352941176471	
5	{1 2 3 4 }	0.005514705882352977	0.29411764705882354	0.0	0.0	0.0	0.0	0.0	0.0	0.3382352941176471	0.0	0.0	0.029411764705882353	0.0	0.0	0.0	0.11764705882352941	0.22058823529411764	
------------------------------------------<<<
>>>------------------------------------------
No. totalsnp	5
No. partial snp	5
No. partial haplotype	32
No. combination	1	
Partial haplotype
00000	00001	00010	00011	00100	00101	00110	00111	01000	01001	01010	01011	01100	01101	01110	01111	10000	10001	10010	10011	10100	10101	10110	10111	11000	11001	11010	11011	11100	11101	11110	11111	
Psi & Haplotype frequency
CombinationID	{SNPIDs}	psi	Haplotype frequency
1	{0 1 2 3 4 }	0.02205882352941163	0.29411764705882354	0.0	0.0	0.0	0.0	0.0	0.0	0.0	0.0	0.0	0.0	0.0	0.0	0.0	0.11764705882352941	0.22058823529411764	0.0	0.0	0.0	0.0	0.0	0.0	0.0	0.3382352941176471	0.0	0.0	0.029411764705882353	0.0	0.0	0.0	0.0	0.0	
------------------------------------------<<<
>>>------------------------------------------
No. totalsnp	5
No. partial snp	5
No. partial haplotype	32
No. combination	1	
Partial haplotype
00000	00001	00010	00011	00100	00101	00110	00111	01000	01001	01010	01011	01100	01101	01110	01111	10000	10001	10010	10011	10100	10101	10110	10111	11000	11001	11010	11011	11100	11101	11110	11111	
Psi & Haplotype frequency
CombinationID	{SNPIDs}	psi	Haplotype frequency
1	{0 1 2 3 4 }	0.02205882352941163	0.29411764705882354	0.0	0.0	0.0	0.0	0.0	0.0	0.0	0.0	0.0	0.0	0.0	0.0	0.0	0.11764705882352941	0.22058823529411764	0.0	0.0	0.0	0.0	0.0	0.0	0.0	0.3382352941176471	0.0	0.0	0.029411764705882353	0.0	0.0	0.0	0.0	0.0	
------------------------------------------<<<
=============================================
Psi
order=0	1
order=1	0.2647058823529411	0.2647058823529411	-0.35294117647058826	-0.411764705882353	-0.11764705882352944	
order=2	-0.3529411764705881	0.26470588235294135	0.26470588235294135	0.32352941176470584	0.32352941176470584	0.9411764705882353	0.5	0.02941176470588247	0.7647058823529413	0.7058823529411764	
order=3	1.0	0.9411764705882355	0.32352941176470607	0.32352941176470607	0.7647058823529411	0.029411764705882693	0.49999999999999956	0.08823529411764719	0.5588235294117649	-0.17647058823529438	
order=4	-0.41176470588235237	-0.11764705882352988	-0.17647058823529438	0.5588235294117636	0.08823529411764763	
order=5	0.7058823529411722	
=============================================
